0.9999800667081729 -0.006312072275315331 -0.00015469295209561478 0.00075
0.006312072275315331 0.9987795670799363 0.04898503983060678 -0.000825
-0.00015469295209561478 -0.04898503983060678 0.9987995003717636 -0.000624
0.0 0.0 0.0 1.0
