0.9999799148948453 -0.0063360552579694645 -0.00015559776950061754 0.00045
0.0063360552579694645 0.998774510905814 0.04908493423261292 -0.00103
-0.00015559776950061754 -0.04908493423261292 0.9987945960109688 -0.000811
0.0 0.0 0.0 1.0
