0.9999798514561563 -0.006346073987052137 -0.00015500540125241855 0.00084
0.006346073987052137 0.9987873744908817 0.04882118292874576 -0.000852
-0.00015500540125241855 -0.04882118292874576 0.9988075230347254 -0.000781
0.0 0.0 0.0 1.0
