0.9999794345196346 -0.006410440403827241 0.00019181141998430494 -0.003103
0.00639379018019671 0.9988216301268839 0.04810894550710872 0.001498
-0.0004999849232499686 -0.048106729721560944 0.9988420758911657 0.001812
0.0 0.0 0.0 1.0
