0.9999800667215094 -0.006312086994145848 -0.00015400462327043904 0.000977
0.006312086994145848 0.9987902261240468 0.048767220105863596 -0.000898
-0.00015400462327043904 -0.048767220105863596 0.9988101594025375 -0.000824
0.0 0.0 0.0 1.0
