0.9996466452609123 0.02658069287882748 -0.0002266819034156889 -7.3e-05
-0.02658069287882748 0.9995012257160413 -0.01705187843648525 -4e-06
-0.0002266819034156889 0.01705187843648525 0.999854580455129 0.000131
0.0 0.0 0.0 1.0
