0.9689037743815083 -0.056133090290407986 0.2409866223750109 0.004541
0.041103046668153745 0.9969091638971478 0.06695265859161391 0.002541
-0.24400003185217572 -0.05496539922841042 0.9682162926452945 0.002216
0.0 0.0 0.0 1.0
