0.999016506717606 -0.04433209945209883 -0.0008272024666033126 0.00055
0.04428919339066398 0.9968110382949793 0.06637937392059179 -0.000183
-0.0021181724566007145 -0.066350726382268 0.9977941142610481 -4.9e-05
0.0 0.0 0.0 1.0
